
preprocessing: Intervaldetailbidaskcrossstats.stdask1buy Intervalbidask12stats.wbidHighestP
para1:self.iter1[di][:] self.iter2[di][:]
alpha1:Op.corr(para1, para2)
process1:



template:C:/Users/bjint/Desktop/Xiong/autowave_v0.1/template/template.py
expression:decay(rank(a1), 8)
pnl_name: toolsauto2021-01-30-132041
            dates   long   short   pnl(M)    %ret    %tvr     shrp (IR)    %dd   %win margin  fitsc   lnum   snum tdays tratio
20160104-20161230  10.00  -10.00    0.854    8.75   25.98   3.43( 0.22)   1.31   0.61   6.85   1.99 1200.7 1209.7   241   0.99
20170103-20171229  10.00  -10.00    0.977   10.01   19.45   4.52( 0.29)   0.82   0.59  10.29   3.24 1419.1 1410.5   244   1.00
20180102-20181228  10.00  -10.00    1.501   15.45   24.17   6.52( 0.41)   0.61   0.70  12.78   5.21 1564.8 1601.7   243   1.00
20190102-20191231  10.00  -10.00    0.887    9.09   21.49   4.49( 0.28)   0.95   0.61   8.46   2.92 1713.4 1771.8   244   1.00
20200102-20200331  10.00  -10.00    0.316   13.64   29.74   5.71( 0.36)   0.72   0.64   9.17   3.87 1757.6 1780.0    58   1.00

20160104-20200331  10.00  -10.00    4.536   10.98   23.15   4.77( 0.30)   1.31   0.63   9.52   3.28 1491.1 1515.0  1030   1.00
corr:	-0.3092 -0.2288 -0.2236 -0.1817 -0.1706 -0.1523 -0.1464 -0.1423 -0.1400 -0.1379 -0.1344 +0.3244 +0.3255 +0.3265 +0.3323 +0.3342 +0.3368 +0.3380 +0.3399 +0.3401 +0.3413 +0.3416 +0.3426 +0.3434 +0.3529 +0.3534 +0.3546 +0.3556 +0.3564 +0.3569 +0.3582 +0.3648 +0.3650 +0.3651 +0.3654 +0.3788 +0.3981 +0.4101 +0.4118 +0.4189 +0.4657
va:	+0.7474 +0.7574 +0.7858 +0.7892 +0.8173 +0.8184 +0.8281 +0.8293 +0.8415 +0.9474
performance_pct:
            dates   long   short   pnl(M)    %ret    %tvr     shrp (IR)    %dd   %win margin  fitsc   lnum   snum tdays tratio
20170103-20171229  10.02   -9.98    0.811    8.32   20.10   3.80( 0.24)   0.83   0.55   8.30   2.45 1420.3 1406.9   244   1.00
20180102-20181228  10.07   -9.93    1.069   11.00   24.38   2.84( 0.18)   2.93   0.67   9.02   1.91 1569.4 1590.0   243   1.00
20190102-20191231  10.03   -9.97    0.844    8.64   21.58   3.63( 0.23)   1.20   0.63   8.01   2.30 1715.1 1764.1   244   1.00
20200102-20200331  10.16   -9.84    0.693   29.87   30.41   3.68( 0.23)   0.85   0.62  19.65   3.65 1764.9 1746.6    58   1.00

20170103-20200331  10.05   -9.95    3.416   10.83   22.64   3.04( 0.19)   2.93   0.62   9.58   2.10 1582.7 1598.7   789   1.00
performance_trade:
            dates   long   short   pnl(M)    %ret    %tvr     shrp (IR)    %dd   %win margin  fitsc   lnum   snum tdays tratio
20170103-20171229  10.00  -10.00    0.791    8.11   16.04   4.03( 0.25)   0.69   0.59  10.15   2.86  709.5 2120.1   244   1.00
20180102-20181228  10.00  -10.00    1.247   12.82   19.26   5.49( 0.35)   0.83   0.65  13.32   4.48  782.2 2384.3   243   1.00
20190102-20191231  10.00  -10.00    0.663    6.79   17.32   2.87( 0.18)   1.13   0.54   7.84   1.80  856.4 2628.8   244   1.00
20200102-20200331  10.00  -10.00    0.137    5.89   25.53   2.14( 0.14)   2.18   0.55   4.61   1.03  878.4 2659.1    58   1.00

20170103-20200331  10.00  -10.00    2.837    8.99   18.13   3.93( 0.25)   2.18   0.59   9.93   2.77  789.7 2398.4   789   1.00
************************************************************************************************************************